0.191369
0.351129
0.355037
0.346117
0.269828
0.325778
0.466874
0.172521
0.31304
0.222588
0.374938
0.327949
0.281244
0.315331
0.382757
0.339636
0.248428
0.466874
0.194391
0.323822
0.241818
0.167395
0.302852
0.355038
0.354682
0.198713
0.215339
0.357764
0.262782
0.341838
0.202066
0.285374
0.348279
0.297081
0.254924
0.217487
0.224618
0.330693
0.374237
0.200085
0.207715
0.363743
0.343379
0.317506
0.28459
0.193779
0.219716
0.238739
0.31692
0.178448
0.252179
0.273558
0.313491
0.259866
0.268713
0.252339
0.413698
0.298029
0.314376
0.331197
0.343725
0.299042
0.306651
0.344883
0.256651
0.214721
0.338478
0.247815
0.529309
0.407617
0.267916
0.281949
0.466874
0.143963
0.185271
0.129413
0.315163
0.343633
0.30649
0.257893
0.194144
0.269653
0.246272
0.153679
0.555773
0.34629
0.34534
0.209756
0.28005
0.304972
0.29864
0.252802
0.334399
0.301664
0.142805
0.254846
0.382757
0.258522
0.268627
0.194844
0.242592
0.348819
0.219434
0.338129
0.242451
0.31259
0.265196
0.288363
0.360231
0.325262
0.331678
0.219657
0.256321
0.231513
0.253829
0.331509
0.182217
0.312536
0.42418
0.168876
0.273822
0.341122
0.254784
0.173155
0.268345
0.184373
0.529309
0.42418
0.281968
0.256209
0.252843
0.302182
0.255956
0.286071
0.260396
0.23491
0.251326
0.32821
0.363819
0.297995
0.266991
0.13417
0.330976
0.466874
0.291356
0.320494
0.316149
0.186324
0.192961
0.351962
0.203753
0.346498
0.518461
0.463107
0.2478
0.331494
0.2746
0.260114
0.324326
0.317279
0.378762
0.302067
0.30394
0.39266
0.260475
0.258054
0.24307
0.329149
0.289718
0.31249
0.293622
0.334261
0.293096
0.334917
0.266991
0.299764
0.280774
0.284707
0.326012
0.261143
0.31946
0.419423
0.174553
0.213279
0.363394
0.227054
0.268577
0.260653
0.330693
0.287051
0.245148
0.260589
0.529309
0.439285
0.157662
0.189151
0.254547
0.414655
0.268223
0.204697
